03.04.2022 03.04.2022 79 90 71 71 64 55 61 88 
03.04.2022 04.04.2022 93 97 96 88 72 69 75 86 
03.04.2022 05.04.2022 84 86 82 61 53 49 61 72 
03.04.2022 06.04.2022 77 82 86 64 59 59 80 86 
03.04.2022 07.04.2022 88 85 86 85 73 72 75 72 
03.04.2022 08.04.2022 80 80 79 71 71 80 87 96 
03.04.2022 09.04.2022 98 99 98 97 87 81 89 92 
03.04.2022 03.04.2022 79 90 71 71 64 55 61 88 
03.04.2022 04.04.2022 93 97 96 88 72 69 75 86 
03.04.2022 05.04.2022 84 86 82 61 53 49 61 72 
03.04.2022 06.04.2022 77 82 86 64 59 59 80 86 
03.04.2022 07.04.2022 88 85 86 85 73 72 75 72 
03.04.2022 08.04.2022 80 80 79 71 71 80 87 96 
03.04.2022 09.04.2022 98 99 98 97 87 81 89 92 
04.04.2022 04.04.2022 95 91 91 83 74 71 73 77 
04.04.2022 05.04.2022 86 81 83 64 56 52 63 75 
04.04.2022 06.04.2022 79 84 88 78 68 73 84 85 
04.04.2022 07.04.2022 84 84 87 77 63 58 73 80 
04.04.2022 08.04.2022 81 84 86 74 57 60 64 96 
04.04.2022 09.04.2022 97 98 98 92 88 82 86 87 
04.04.2022 10.04.2022 86 85 92 92 85 76 78 83 
04.04.2022 04.04.2022 95 91 91 83 74 71 73 77 
04.04.2022 05.04.2022 86 81 83 64 56 52 63 75 
04.04.2022 06.04.2022 79 84 88 78 68 73 84 85 
04.04.2022 07.04.2022 84 84 87 77 63 58 73 80 
04.04.2022 08.04.2022 81 84 86 74 57 60 64 96 
04.04.2022 09.04.2022 97 98 98 92 88 82 86 87 
04.04.2022 10.04.2022 86 85 92 92 85 76 78 83 
05.04.2022 05.04.2022 81 81 68 44 38 43 71 80 
05.04.2022 06.04.2022 83 85 88 75 62 64 83 86 
05.04.2022 07.04.2022 90 91 90 77 57 64 71 77 
05.04.2022 08.04.2022 79 86 87 74 65 61 67 83 
05.04.2022 09.04.2022 89 94 97 93 84 83 85 89 
05.04.2022 10.04.2022 90 92 90 91 85 81 90 94 
05.04.2022 11.04.2022 91 90 96 90 75 66 75 83 
05.04.2022 05.04.2022 81 81 68 44 38 43 71 80 
05.04.2022 06.04.2022 83 85 88 75 62 64 83 86 
05.04.2022 07.04.2022 90 91 90 77 57 64 71 77 
05.04.2022 08.04.2022 79 86 87 74 65 61 67 83 
05.04.2022 09.04.2022 89 94 97 93 84 83 85 89 
05.04.2022 10.04.2022 90 92 90 91 85 81 90 94 
05.04.2022 11.04.2022 91 90 96 90 75 66 75 83 
05.04.2022 05.04.2022 81 81 68 44 38 43 71 80 
05.04.2022 06.04.2022 83 85 88 75 62 64 83 86 
05.04.2022 07.04.2022 90 91 90 77 57 64 71 77 
05.04.2022 08.04.2022 79 86 87 74 65 61 67 83 
05.04.2022 09.04.2022 89 94 97 93 84 83 85 89 
05.04.2022 10.04.2022 90 92 90 91 85 81 90 94 
05.04.2022 11.04.2022 91 90 96 90 75 66 75 83 
01.01.0001 01.01.0001 84 87 91 80 63 59 66 79 
08.04.2022 08.04.2022 84 87 91 80 63 59 66 79 
08.04.2022 09.04.2022 86 91 95 97 94 88 91 97 
08/04/2022 08/04/2022 80 92 98 98 96 82 88 93 
08/04/2022 09/04/2022 95 97 97 90 77 66 73 79 
08/04/2022 10/04/2022 82 86 92 80 67 59 64 79 
08/04/2022 11/04/2022 86 91 96 99 99 99 98 99 
08/04/2022 12/04/2022 99 100 99 98 92 91 99 89 
08/04/2022 13/04/2022 90 96 96 97 96 92 92 89 
08/04/2022 14/04/2022 89 95 94 77 67 51 57 69 
09/04/2022 09/04/2022 97 98 99 92 84 74 78 83 
09/04/2022 10/04/2022 86 92 94 88 80 70 68 80 
09/04/2022 11/04/2022 87 91 95 84 72 67 72 76 
09/04/2022 12/04/2022 81 85 82 80 68 72 78 79 
09/04/2022 13/04/2022 89 86 88 87 79 75 85 87 
09/04/2022 14/04/2022 87 87 93 87 86 78 80 84 
09/04/2022 15/04/2022 79 78 75 66 58 58 67 78 
10/04/2022 10/04/2022 85 91 94 87 77 70 70 81 
10/04/2022 11/04/2022 87 91 92 77 66 70 73 81 
10/04/2022 12/04/2022 81 81 86 78 66 65 71 81 
10/04/2022 13/04/2022 83 85 83 79 82 81 90 93 
10/04/2022 14/04/2022 91 92 89 82 81 89 89 87 
10/04/2022 15/04/2022 89 88 91 87 81 76 78 83 
10/04/2022 16/04/2022 84 84 85 78 71 67 68 68 
11/04/2022 11/04/2022 82 90 94 75 62 50 55 70 
11/04/2022 12/04/2022 86 90 91 78 68 67 71 83 
11/04/2022 13/04/2022 83 82 90 81 66 64 69 75 
11/04/2022 14/04/2022 92 92 89 90 91 91 92 96 
11/04/2022 15/04/2022 97 96 89 92 88 85 82 82 
11/04/2022 16/04/2022 81 79 80 76 64 61 69 75 
11/04/2022 17/04/2022 79 83 84 95 71 82 66 74 
12/04/2022 12/04/2022 92 92 96 84 78 70 71 81 
12/04/2022 13/04/2022 82 79 89 76 64 64 67 85 
12/04/2022 14/04/2022 86 89 89 86 78 76 81 90 
12/04/2022 15/04/2022 88 88 85 80 64 47 55 67 
12/04/2022 16/04/2022 74 77 78 65 58 52 61 69 
12/04/2022 17/04/2022 73 77 80 73 61 58 65 71 
12/04/2022 18/04/2022 73 75 76 70 57 48 58 66 
13/04/2022 13/04/2022 90 90 88 83 78 77 86 92 
13/04/2022 14/04/2022 91 87 86 84 78 67 61 69 
13/04/2022 15/04/2022 75 76 78 66 58 57 63 74 
13/04/2022 16/04/2022 77 79 81 73 58 53 61 68 
13/04/2022 17/04/2022 74 83 95 87 78 74 81 84 
13/04/2022 18/04/2022 82 84 85 89 80 74 74 73 
13/04/2022 19/04/2022 72 77 81 72 62 57 61 73 
14/04/2022 14/04/2022 90 93 92 92 92 91 97 93 
14/04/2022 15/04/2022 91 89 93 81 73 68 65 70 
14/04/2022 16/04/2022 74 75 75 65 59 55 64 73 
14/04/2022 17/04/2022 76 79 84 72 56 58 63 69 
14/04/2022 18/04/2022 69 72 74 69 61 57 77 80 
14/04/2022 19/04/2022 82 84 86 82 74 67 70 77 
14/04/2022 20/04/2022 77 72 76 63 51 48 55 66 
19/04/2022 19/04/2022 72 73 71 60 49 47 56 70 
19/04/2022 20/04/2022 82 93 93 95 94 92 91 89 
19/04/2022 21/04/2022 87 86 77 66 52 47 51 59 
19/04/2022 22/04/2022 65 67 68 56 49 47 49 58 
19/04/2022 23/04/2022 62 64 66 61 57 53 57 60 
19/04/2022 24/04/2022 68 66 67 59 47 49 55 56 
19/04/2022 25/04/2022 64 68 71 64 60 55 54 56 
20/04/2022 20/04/2022 83 93 88 78 64 67 81 87 
20/04/2022 21/04/2022 86 86 79 68 56 48 52 59 
20/04/2022 22/04/2022 64 67 69 66 58 51 54 62 
20/04/2022 23/04/2022 66 70 73 63 52 48 53 55 
20/04/2022 24/04/2022 62 63 63 58 54 50 53 55 
20/04/2022 25/04/2022 57 62 67 65 59 54 56 56 
20/04/2022 26/04/2022 62 63 64 61 57 55 62 68 
21/04/2022 21/04/2022 72 86 91 88 68 62 94 91 
21/04/2022 22/04/2022 92 88 86 84 76 63 63 63 
21/04/2022 23/04/2022 64 68 70 70 63 54 58 73 
21/04/2022 24/04/2022 79 79 79 71 62 55 57 60 
21/04/2022 25/04/2022 70 74 74 67 59 56 61 63 
21/04/2022 26/04/2022 67 71 72 63 55 52 58 64 
21/04/2022 27/04/2022 73 79 79 63 50 46 58 64 
22/04/2022 22/04/2022 69 66 69 66 60 52 68 79 
22/04/2022 23/04/2022 84 88 87 79 71 60 57 59 
22/04/2022 24/04/2022 65 68 75 79 71 61 64 68 
22/04/2022 25/04/2022 74 75 72 61 52 48 56 65 
22/04/2022 26/04/2022 70 80 70 56 50 52 59 70 
22/04/2022 27/04/2022 91 88 85 74 70 68 71 75 
22/04/2022 28/04/2022 78 78 78 74 67 63 66 75 
23/04/2022 23/04/2022 80 89 88 79 70 62 63 66 
23/04/2022 24/04/2022 69 72 76 67 59 59 66 69 
23/04/2022 25/04/2022 74 78 78 59 52 46 55 63 
23/04/2022 26/04/2022 73 75 70 59 52 49 59 63 
23/04/2022 27/04/2022 65 71 81 91 81 70 72 74 
23/04/2022 28/04/2022 74 76 73 56 49 47 51 62 
23/04/2022 29/04/2022 63 61 59 49 45 43 46 56 
24/04/2022 24/04/2022 71 79 83 73 63 59 69 80 
24/04/2022 25/04/2022 86 81 76 64 56 51 58 67 
24/04/2022 26/04/2022 69 74 79 69 67 55 59 69 
24/04/2022 27/04/2022 79 85 84 69 56 48 52 61 
24/04/2022 28/04/2022 73 70 69 58 44 42 47 55 
24/04/2022 29/04/2022 52 53 50 40 40 38 43 53 
24/04/2022 30/04/2022 57 63 66 58 51 48 54 57 
25/04/2022 25/04/2022 83 81 80 64 58 52 62 71 
25/04/2022 26/04/2022 73 79 78 74 75 74 67 69 
25/04/2022 27/04/2022 77 83 79 67 57 52 56 70 
25/04/2022 28/04/2022 73 79 75 63 57 55 55 64 
25/04/2022 29/04/2022 79 77 64 62 57 53 52 57 
25/04/2022 30/04/2022 63 67 70 59 46 39 45 53 
25/04/2022 01/05/2022 54 56 53 42 41 40 43 51 
26/04/2022 26/04/2022 72 85 91 80 79 61 56 71 
26/04/2022 27/04/2022 78 86 82 76 59 55 58 67 
26/04/2022 28/04/2022 68 65 70 56 50 48 53 57 
26/04/2022 29/04/2022 56 60 63 58 49 47 54 72 
26/04/2022 30/04/2022 68 75 74 58 49 45 48 55 
26/04/2022 01/05/2022 58 63 63 52 44 44 49 56 
26/04/2022 02/05/2022 61 60 58 53 48 46 51 52 
27/04/2022 27/04/2022 52 55 72 94 93 59 69 43 
27/04/2022 28/04/2022 78 86 77 67 59 56 60 63 
27/04/2022 29/04/2022 77 75 75 66 61 59 62 62 
27/04/2022 30/04/2022 71 75 75 67 53 37 44 52 
27/04/2022 01/05/2022 72 72 69 58 48 42 44 56 
27/04/2022 02/05/2022 62 58 58 49 45 44 50 57 
27/04/2022 03/05/2022 60 62 63 56 45 44 49 56 
28.04.2022 28.04.2022 78 86 77 67 59 56 60 63 
28.04.2022 29.04.2022 77 75 75 66 61 59 62 62 
28.04.2022 30.04.2022 71 75 75 67 53 37 44 52 
28.04.2022 01.05.2022 72 72 69 58 48 42 44 56 
28.04.2022 02.05.2022 62 58 58 49 45 44 50 57 
28.04.2022 03.05.2022 60 62 63 56 45 44 49 56 
28.04.2022 04.05.2022 59 62 69 68 53 56 55 77 
28.04.2022 28.04.2022 68 83 86 64 56 55 51 60 
28.04.2022 29.04.2022 71 73 72 66 58 53 55 63 
28.04.2022 30.04.2022 64 67 66 61 58 64 53 58 
28.04.2022 01.05.2022 68 67 67 51 44 41 44 51 
28.04.2022 02.05.2022 54 59 58 51 47 45 47 54 
28.04.2022 03.05.2022 54 60 60 53 47 47 53 54 
28.04.2022 04.05.2022 59 63 63 56 52 55 63 69 
28.04.2022 28.04.2022 68 83 86 64 56 55 51 60 
28.04.2022 29.04.2022 71 73 72 66 58 53 55 63 
28.04.2022 30.04.2022 64 67 66 61 58 64 53 58 
28.04.2022 01.05.2022 68 67 67 51 44 41 44 51 
28.04.2022 02.05.2022 54 59 58 51 47 45 47 54 
28.04.2022 03.05.2022 54 60 60 53 47 47 53 54 
28.04.2022 04.05.2022 59 63 63 56 52 55 63 69 
29.04.2022 29.04.2022 55 58 68 54 38 54 55 66 
29.04.2022 30.04.2022 69 71 73 67 72 66 55 61 
29.04.2022 01.05.2022 68 67 64 48 42 42 45 52 
29.04.2022 02.05.2022 56 56 53 45 41 42 46 52 
29.04.2022 03.05.2022 58 59 59 52 54 51 57 63 
29.04.2022 04.05.2022 62 64 65 59 58 59 75 77 
29.04.2022 05.05.2022 82 89 88 71 68 63 63 62 
30.04.2022 30.04.2022 69 70 70 64 62 45 48 63 
30.04.2022 01.05.2022 67 65 64 44 41 40 43 50 
30.04.2022 02.05.2022 54 55 52 45 42 42 47 49 
30.04.2022 03.05.2022 55 58 59 49 43 42 48 58 
30.04.2022 04.05.2022 60 61 65 61 69 51 60 81 
30.04.2022 05.05.2022 76 80 79 58 44 40 43 50 
30.04.2022 06.05.2022 53 56 56 36 31 31 40 52 
30.04.2022 30.04.2022 53 55 63 57 51 34 33 35 
30.04.2022 01.05.2022 70 68 69 47 39 39 43 48 
30.04.2022 02.05.2022 56 53 50 44 43 39 45 47 
30.04.2022 03.05.2022 51 53 57 51 46 44 47 49 
30.04.2022 04.05.2022 50 56 58 50 44 42 50 58 
30.04.2022 05.05.2022 62 78 67 57 43 39 45 49 
30.04.2022 06.05.2022 48 50 53 41 36 38 50 61 
01.05.2022 01.05.2022 47 56 59 46 31 40 43 50 
01.05.2022 02.05.2022 53 54 54 45 40 39 45 49 
01.05.2022 03.05.2022 52 53 53 48 44 42 46 48 
01.05.2022 04.05.2022 53 58 60 53 50 56 74 83 
01.05.2022 05.05.2022 80 77 77 51 43 40 45 53 
01.05.2022 06.05.2022 56 52 55 45 40 39 42 51 
01.05.2022 07.05.2022 56 54 54 47 45 42 48 52 
14.05.2022 14.05.2022 47 54 53 36 34 29 32 45 
14.05.2022 15.05.2022 82 85 94 88 90 67 74 83 
14.05.2022 16.05.2022 84 85 83 70 56 64 71 82 
14.05.2022 17.05.2022 87 86 82 66 58 56 61 72 
14.05.2022 18.05.2022 73 71 85 91 75 55 69 78 
14.05.2022 19.05.2022 85 79 87 74 58 57 60 70 
14.05.2022 20.05.2022 76 75 72 56 57 59 64 77 31.05.2022 31.05.2022 82 82 81 63 54 50 55 69 
31.05.2022 01.06.2022 82 82 81 63 54 50 55 69 
31.05.2022 02.06.2022 76 80 76 67 55 53 62 73 
31.05.2022 03.06.2022 77 80 81 68 58 55 60 72 
31.05.2022 04.06.2022 74 77 73 64 54 53 57 64 
31.05.2022 05.06.2022 68 71 73 63 55 48 55 62 
31.05.2022 06.06.2022 95 95 86 63 61 67 65 71 
31.05.2022 31.05.2022 82 82 81 63 54 50 55 69 
31.05.2022 01.06.2022 76 80 76 67 55 53 62 73 
31.05.2022 02.06.2022 77 80 81 68 58 55 60 72 
31.05.2022 03.06.2022 74 77 73 64 54 53 57 64 
31.05.2022 04.06.2022 68 71 73 63 55 48 55 62 
31.05.2022 05.06.2022 68 71 73 63 55 48 55 62 
31.05.2022 06.06.2022 95 95 86 63 61 67 65 71 
05.06.2022 05.06.2022 80 83 78 65 58 55 59 69 
05.06.2022 06.06.2022 78 84 86 68 56 52 61 76 
05.06.2022 07.06.2022 80 82 73 53 47 46 55 65 
05.06.2022 08.06.2022 81 79 72 54 49 49 59 74 
05.06.2022 09.06.2022 80 80 76 63 54 50 57 65 
05.06.2022 10.06.2022 75 77 75 65 57 50 57 60 
05.06.2022 11.06.2022 68 73 72 64 55 50 53 57 
01.07.2022 01.07.2022 67 75 80 81 78 64 70 81 
01.07.2022 02.07.2022 89 90 89 86 75 82 81 82 
01.07.2022 03.07.2022 83 81 75 63 53 50 62 72 
01.07.2022 04.07.2022 76 77 78 70 51 45 54 66 
01.07.2022 05.07.2022 73 75 72 64 56 53 57 63 
01.07.2022 06.07.2022 71 70 71 64 55 57 63 60 
01.07.2022 07.07.2022 63 63 64 60 54 46 55 56 
17.09.2022 17.09.2022 93 93 92 93 77 50 57 64 
