27.11.2021 27.11.2021 756 756 755 756 755 755 753 755 
27.11.2021 28.11.2021 754 753 752 752 752 752 752 752 
27.11.2021 29.11.2021 753 753 753 753 752 750 749 747 
27.11.2021 30.11.2021 744 742 741 740 736 734 734 737 
27.11.2021 01.12.2021 739 739 739 739 739 738 740 742 
27.11.2021 02.12.2021 743 745 746 746 748 749 749 749 
27.11.2021 03.12.2021 749 749 749 749 749 749 749 749 
03.04.2022 03.04.2022 738 737 736 737 737 737 737 741 
03.04.2022 04.04.2022 740 739 737 737 742 743 745 747 
03.04.2022 05.04.2022 748 749 750 752 752 752 752 752 
03.04.2022 06.04.2022 751 750 749 749 748 748 749 752 
03.04.2022 07.04.2022 753 754 755 755 755 754 753 753 
03.04.2022 08.04.2022 753 752 752 750 749 749 748 748 
03.04.2022 09.04.2022 747 746 747 747 747 747 747 748 
03.04.2022 03.04.2022 738 737 736 737 737 737 737 741 
03.04.2022 04.04.2022 740 739 737 737 742 743 745 747 
03.04.2022 05.04.2022 748 749 750 752 752 752 752 752 
03.04.2022 06.04.2022 751 750 749 749 748 748 749 752 
03.04.2022 07.04.2022 753 754 755 755 755 754 753 753 
03.04.2022 08.04.2022 753 752 752 750 749 749 748 748 
03.04.2022 09.04.2022 747 746 747 747 747 747 747 748 
04.04.2022 04.04.2022 737 736 735 737 739 740 741 744 
04.04.2022 05.04.2022 748 749 750 752 752 752 752 752 
04.04.2022 06.04.2022 751 750 749 749 749 748 749 752 
04.04.2022 07.04.2022 754 754 755 755 754 753 752 752 
04.04.2022 08.04.2022 752 751 750 750 748 747 747 748 
04.04.2022 09.04.2022 747 747 748 749 748 747 747 747 
04.04.2022 10.04.2022 748 749 749 749 749 749 749 749 
04.04.2022 04.04.2022 737 736 735 737 739 740 741 744 
04.04.2022 05.04.2022 748 749 750 752 752 752 752 752 
04.04.2022 06.04.2022 751 750 749 749 749 748 749 752 
04.04.2022 07.04.2022 754 754 755 755 754 753 752 752 
04.04.2022 08.04.2022 752 751 750 750 748 747 747 748 
04.04.2022 09.04.2022 747 747 748 749 748 747 747 747 
04.04.2022 10.04.2022 748 749 749 749 749 749 749 749 
05.04.2022 05.04.2022 745 746 747 748 748 748 751 752 
05.04.2022 06.04.2022 751 750 750 750 749 749 750 751 
05.04.2022 07.04.2022 752 752 753 754 753 753 753 753 
05.04.2022 08.04.2022 752 752 751 751 750 748 748 748 
05.04.2022 09.04.2022 747 747 747 747 747 748 748 749 
05.04.2022 10.04.2022 749 749 749 750 750 750 749 749 
05.04.2022 11.04.2022 748 748 747 746 745 744 743 743 
05.04.2022 05.04.2022 745 746 747 748 748 748 751 752 
05.04.2022 06.04.2022 751 750 750 750 749 749 749 751 
05.04.2022 07.04.2022 752 752 753 754 753 753 752 752 
05.04.2022 08.04.2022 752 752 752 751 749 749 748 748 
05.04.2022 09.04.2022 747 746 747 747 747 748 749 749 
05.04.2022 10.04.2022 749 749 749 749 750 750 749 749 
05.04.2022 11.04.2022 749 748 747 746 746 744 743 743 
05.04.2022 05.04.2022 745 746 747 748 748 748 751 752 
05.04.2022 06.04.2022 751 750 750 750 749 749 749 751 
05.04.2022 07.04.2022 752 752 753 754 753 753 752 752 
05.04.2022 08.04.2022 752 752 752 751 749 749 748 748 
05.04.2022 09.04.2022 747 746 747 747 747 748 749 749 
05.04.2022 10.04.2022 749 749 749 749 750 750 749 749 
05.04.2022 11.04.2022 749 748 747 746 746 744 743 743 
01.01.0001 01.01.0001 752 752 751 752 750 749 749 748 
08.04.2022 08.04.2022 752 752 752 752 750 749 749 749 
08.04.2022 09.04.2022 748 748 749 749 749 750 751 752 
