01.07.2022 01.07.2022 16 15 14 13 13 13 13 12 
01.07.2022 02.07.2022 10 11 13 14 16 16 16 16 
01.07.2022 03.07.2022 15 14 15 19 21 22 21 18 
01.07.2022 04.07.2022 17 16 17 19 21 22 21 18 
01.07.2022 05.07.2022 16 15 16 19 21 22 23 20 
01.07.2022 06.07.2022 17 17 18 21 24 24 24 23 
01.07.2022 07.07.2022 20 20 21 22 24 26 25 22 
17.09.2022 17.09.2022 15 14 14 15 19 22 18 16 
18.09.2022 18.09.2022 10 9 9 16 19 21 21 20 
18.09.2022 19.09.2022 20 18 17 20 21 16 16 14 
18.09.2022 20.09.2022 14 13 13 15 16 14 15 14 
18.09.2022 21.09.2022 13 13 13 15 18 20 17 16 
18.09.2022 22.09.2022 15 13 12 15 17 17 16 15 
18.09.2022 23.09.2022 14 13 13 14 16 17 16 15 
18.09.2022 24.09.2022 14 14 14 16 18 19 18 17 
18.09.2022 18.09.2022 10 9 9 16 19 21 21 20 
18.09.2022 19.09.2022 20 18 17 20 21 16 16 14 
18.09.2022 20.09.2022 14 13 13 15 16 14 15 14 
18.09.2022 21.09.2022 13 13 13 15 18 20 17 16 
18.09.2022 22.09.2022 15 13 12 15 17 17 16 15 
18.09.2022 23.09.2022 14 13 13 14 16 17 16 15 
18.09.2022 24.09.2022 14 14 14 16 18 19 18 17 
18.09.2022 18.09.2022 10 9 9 16 19 21 21 20 
18.09.2022 19.09.2022 20 18 17 20 21 16 16 14 
18.09.2022 20.09.2022 14 13 13 15 16 14 15 14 
18.09.2022 21.09.2022 13 13 13 15 18 20 17 16 
18.09.2022 22.09.2022 15 13 12 15 17 17 16 15 
18.09.2022 23.09.2022 14 13 13 14 16 17 16 15 
18.09.2022 24.09.2022 14 14 14 16 18 19 18 17 
